total_rows: 30229200
n_labels_via_diag: 7775
expected_lower_rows: 30229200
rows_match_lower: True
nan_count: 0
inf_count: 0
neg_count: 0
diag_rows: 7775
diag_label_mismatch: 0
diag_nonzero_over_eps: 0
offdiag_zero: 906
offdiag_abs_le_eps: 906
same_year_rows: 669431
cross_year_rows: 29551994
eps_zero: 1e-12
offdiag_count: 30221425
offdiag_mean: 17.63475751223635
offdiag_std: 10.653657426434476
offdiag_quantiles: {'0.0': 0.0, '0.01': 1.3820464408222994, '0.05': 3.353594474151755, '0.25': 9.06285350640651, '0.5': 15.929026949793618, '0.75': 24.814577224259544, '0.95': 37.58019220760683, '0.99': 44.741147808172244, '1.0': 58.10500065121556}
sameyear_quantiles: {'0.0': 0.041116845627871, '0.01': 1.2189435547531278, '0.05': 2.93800886509909, '0.25': 8.218243983165632, '0.5': 14.670604155192503, '0.75': 23.310153356896464, '0.95': 36.715963942389685, '0.99': 43.90268953888585, '1.0': 55.94799486088005}
crossyear_quantiles: {'0.0': 0.0, '0.01': 1.3878145635058823, '0.05': 3.3283030060574146, '0.25': 9.064859046469893, '0.5': 15.955742731016034, '0.75': 24.827816579473932, '0.95': 37.63835899670213, '0.99': 44.72720725593659, '1.0': 56.48122847925232}
